19
120
19
19
18
11
11
16
16
10
35
11
60
9
19
9
24
16
15
9
11
4320
6
19
8
9
8
5
8
13
9
9
7
11
21
10
9
11
11
20
840
780
180
33
11
59
4
4
4
4
5
6
10
6
360
22
60
15
240
18
40
5
17
5
16
15
12
11
8
17
10
17
4
34
16
25
60
8
11
19
25
14
18
8
9
17
26
60
16
7
13
8
12
24
60
16
120
120
5
5
8
8
960
23
8
360
6
780
21
900
180
10
33
6
19
34
46
56
60
120
37
29
25
30
55
25
21
60
13
21
23
21
21
5
21
14
36
33
19
29
23
11
7
120
240
21
12
9
13
180
46
720
17
60
37
23
120
37
23
19
23
9
23
23
39
24
10
8
8
6
4
24
24
6
5
9
16
5
19
14
24
12
7
12
18
21
5
13
960
960
11
4
10
5
12
4
4
4
6
6
10
4
4
5
7
7
4
18
4
4
4
4
4
6
360
15
36
13
720
11
19
11
10
7
7
8
14
7
10
10
8
10
8
60
14
60
37
18
20
47
60
15
21
28
9
20
10
60
20
12
6
720
12
12
12
15
8
10
4
4
12
4
9
11
6
7
60
960
7
8
4
5
4
4
4
4
4
4
42
10
4
4
4
40
9
11
43
15
15
6
60
720
6
420
6
17
8
5
58
60
23
8
5
8
15
13
24
5
10
8
5
60
21
31
36
30
32
16
6
24
17
14
6
25
5
1140
31
20
17
9
8
37
14
20
19
24
18
10
20
7
20
19
14
6
6
25
14
12
10
6
11
11
17
9
4
14
8
17
11
5
7
11
6
4
4
5
4
5
5
4
24
4
20
19
8
37
28
11
5
5
420
7
31
16
7
17
7
1140
1140
47
35
31
30
36
36
15
35
6
10
18
36
60
34
47
60
48
12
14
60
36
60
6
36
24
35
49
8
12
12
19
18
26
5
5
23
7
7
8
19
12
300
33
6
1200
1140
6
6
7
5
17
17
5
8
11
20
6
6
20
13
11
6
5
6
18
6
5
6
6
5
6
13
7
7
6
6
8
6
6
6
6
5
6
6
6
6
6
7
6
8
5
4320
5
9
11
60
17
20
300
120
8
19
16
12
1200
1200
14
33
9
9
16
20
9
15
21
13
9
19
12
9
120
6
7
16
7
8
6
6
5
49
19
19
4320
31
16
17
1200
1200
20
19
28
19
38
41
42
38
5
19
48
60
8
16
37
60
43
5
13
10
11
20
13
6
1440
6
14
6
38
39
6
11
6
8
7
6
15
840
18
18
10
1260
2880
4320
180
6
6
11
18
1140
1200
9
6
21
8
8
420
8
8
6
18
8
12
7
6
41
36
420
13
19
5
11
8
27
33
13
60
12
18
120
1440
10
6
38
8
5
6
9
180
16
6
21
6
25
23
7
22
11
6
7
5
840
42
360
5
10
5
14
5
44
4
5
6
4
4
4
5
1260
4
4
2880
5
5
4
4320
5
4
16
4
8
4
4
5
180
60
120
60
1140
1200
23
59
26
9
6
10
6
15
6
7
7
20
7
7
5
6
10
240
13
33
18
10
26
7
7
7
5
19
11
14
26
6
29
30
5
9
180
60
6
6
16
11
4
7
8
6
4
6
9
14
4
9
15
9
5
27
8
10
13
6
5
6
6
8
11
9
2880
180
1200